1.000000000 0.000000000 0.000000000 0.000000000 0.000000000 1.000000000 0.000000000 0.000000000 0.000000000 0.000000000 1.000000000 0.000000000
0.999998629 0.000773840 0.001449681 -0.006020285 -0.000767222 0.999989331 -0.004560232 -0.002405974 -0.001453194 0.004559113 0.999988556 0.964374363
0.999996662 -0.001439487 0.002150538 -0.002732720 0.001450953 0.999984682 -0.005339825 -0.000920813 -0.002142819 0.005342927 0.999983430 1.918463826
0.999993145 -0.002543362 0.002681107 -0.009697078 0.002546894 0.999996006 -0.001314486 -0.003959868 -0.002677753 0.001321306 0.999995530 2.851435184
0.999985278 -0.005012039 0.002086097 -0.007190815 0.005001651 0.999975145 0.004955217 -0.008068791 -0.002110881 -0.004944710 0.999985516 3.800478220
0.999962449 -0.008643094 0.000539505 -0.004264205 0.008640279 0.999950111 0.005018036 -0.005307779 -0.000582849 -0.005013186 0.999987364 4.738424301
0.999935806 -0.011324500 -0.000200654 -0.005092289 0.011324881 0.999933839 0.002010182 -0.001234170 0.000177877 -0.002012326 0.999997973 5.669302940
0.999926686 -0.012044471 -0.001205826 -0.007224262 0.012042470 0.999926090 -0.001652966 0.005192548 0.001225646 0.001638324 0.999997854 6.598155499
0.999932230 -0.011522654 -0.001622044 -0.015077770 0.011519652 0.999931931 -0.001846905 -0.002148061 0.001643215 0.001828095 0.999996901 7.523105145
0.999931514 -0.011363985 -0.002799064 -0.023450824 0.011364020 0.999935508 -0.000002725 -0.001461541 0.002798914 -0.000029084 0.999996066 8.437268257
0.999934793 -0.011034914 -0.002942869 -0.037474163 0.011042961 0.999935269 0.002732104 0.002761450 0.002912530 -0.002764424 0.999991953 9.376049042
0.999927878 -0.011346512 -0.003934701 -0.044538062 0.011363671 0.999925852 0.004365965 0.004679702 0.003884871 -0.004410362 0.999982715 10.297481537
0.999910891 -0.012491758 -0.004701116 -0.049904902 0.012515183 0.999909282 0.004986769 0.010773387 0.004638396 -0.005045160 0.999976516 11.213846207
0.999900460 -0.012958886 -0.005576682 -0.050140858 0.012989447 0.999900579 0.005479037 0.004760094 0.005505126 -0.005550930 0.999969423 12.117220879
0.999889433 -0.013491637 -0.006245262 -0.061001226 0.013518091 0.999899805 0.004213217 0.006356250 0.006187792 -0.004297175 0.999971569 13.023410797
0.999882996 -0.013428303 -0.007323329 -0.080795482 0.013442710 0.999907792 0.001921170 0.013523752 0.007296855 -0.002019391 0.999971330 13.926437378
0.999846041 -0.015082901 -0.008963943 -0.087736763 0.015088359 0.999886036 0.000541387 0.019766465 0.008954754 -0.000676556 0.999959588 14.815377235
0.999837458 -0.014419176 -0.010824580 -0.095838092 0.014416629 0.999895990 -0.000313163 0.021090668 0.010827970 0.000157058 0.999941349 15.727541924
0.999835014 -0.013219181 -0.012454994 -0.115498744 0.013203225 0.999911964 -0.001362386 0.023325454 0.012471903 0.001197715 0.999921501 16.631082535
0.999835193 -0.011499099 -0.014046943 -0.134815067 0.011486208 0.999933600 -0.000998023 0.018626237 0.014057485 0.000836512 0.999900818 17.523330688
0.999812245 -0.012432259 -0.014865221 -0.160042644 0.012429360 0.999922693 -0.000287229 0.019525599 0.014867643 0.000102410 0.999889433 18.420545578
0.999798715 -0.011856406 -0.016188322 -0.187700063 0.011877875 0.999928713 0.001230684 0.018563773 0.016172577 -0.001422719 0.999868155 19.307954788
0.999772370 -0.011337416 -0.018081503 -0.192999676 0.011370826 0.999933779 0.001745768 0.017662169 0.018060517 -0.001950972 0.999834955 20.178993225
0.999726713 -0.012482253 -0.019770514 -0.212408915 0.012520298 0.999920011 0.001801724 0.016764807 0.019746441 -0.002048764 0.999802947 21.057126999
0.999690354 -0.012262678 -0.021656215 -0.235590935 0.012293676 0.999923587 0.001298812 0.017194271 0.021638632 -0.001564644 0.999764681 21.929437637
0.999671817 -0.012437870 -0.022395959 -0.258073092 0.012477466 0.999920845 0.001629222 0.019764040 0.022373920 -0.001908132 0.999747932 22.789934158
0.999656200 -0.012221722 -0.023197694 -0.282187402 0.012303531 0.999918580 0.003387049 0.025495008 0.023154406 -0.003671297 0.999725163 23.646106720
0.999615133 -0.013611289 -0.024170611 -0.302308291 0.013764675 0.999886155 0.006190921 0.027932286 0.024083588 -0.006521239 0.999688685 24.491014481
0.999597907 -0.013676672 -0.024836417 -0.326258153 0.013879660 0.999871492 0.008019094 0.029730365 0.024723552 -0.008360591 0.999659359 25.329673767
0.999588788 -0.012768756 -0.025675919 -0.347145557 0.012948413 0.999892712 0.006843015 0.029118165 0.025585793 -0.007172663 0.999646902 26.162263870
0.999600410 -0.011030092 -0.026025945 -0.380296499 0.011133931 0.999930620 0.003848285 0.037363864 0.025981693 -0.004136519 0.999653876 26.968357086
0.999573410 -0.010685794 -0.027183471 -0.401602328 0.010752541 0.999939561 0.002310411 0.039455883 0.027157139 -0.002601716 0.999627829 27.773645401
0.999555647 -0.009813091 -0.028145036 -0.425645232 0.009872501 0.999949336 0.001972712 0.041531026 0.028124252 -0.002249698 0.999601841 28.564397812
0.999511898 -0.009843446 -0.029648501 -0.448757678 0.009891809 0.999949992 0.001484984 0.041614577 0.029632401 -0.001777536 0.999559283 29.353471756
0.999455988 -0.009676574 -0.031529054 -0.480478585 0.009707273 0.999952614 0.000820833 0.039049070 0.031519618 -0.001126447 0.999502420 30.128345490
0.999400973 -0.009581033 -0.033255197 -0.509830058 0.009608530 0.999953628 0.000667095 0.039553337 0.033247262 -0.000986229 0.999446690 30.897855759
0.999324381 -0.009786515 -0.035428576 -0.537743330 0.009854826 0.999949992 0.001753941 0.043340612 0.035409629 -0.002101898 0.999370754 31.651195526
0.999239326 -0.009772233 -0.037754714 -0.563741803 0.009935723 0.999942064 0.004145145 0.045809314 0.037712019 -0.004517111 0.999278486 32.404052734
0.999187291 -0.008671743 -0.039364554 -0.604442358 0.008893867 0.999945462 0.005471108 0.049615249 0.039314963 -0.005816764 0.999209940 33.146629333
0.999117613 -0.007761025 -0.041275449 -0.634743929 0.008006969 0.999951124 0.005796621 0.045336962 0.041228447 -0.006121998 0.999130905 33.893013000
0.999043941 -0.005724103 -0.043341909 -0.673636436 0.005946954 0.999969780 0.005014497 0.045588359 0.043311894 -0.005267454 0.999047697 34.599075317
0.998972595 -0.003530919 -0.045180723 -0.708995700 0.003733510 0.999983311 0.004400426 0.049964324 0.045164429 -0.004564587 0.998969138 35.313892365
0.998894751 -0.003436923 -0.046877515 -0.737815499 0.003689551 0.999979138 0.005303653 0.053944722 0.046858303 -0.005470748 0.998886526 36.028324127
0.998851597 -0.001942744 -0.047872551 -0.781186163 0.002293326 0.999970913 0.007269417 0.056378573 0.047857035 -0.007370856 0.998826981 36.705905914
0.998848021 0.001043253 -0.047974583 -0.819685221 -0.000677562 0.999970555 0.007638198 0.062231734 0.047981136 -0.007596893 0.998819351 37.401039124
0.998897493 0.003465030 -0.046817031 -0.851758480 -0.003204777 0.999979019 0.005632852 0.063506499 0.046835568 -0.005476603 0.998887599 38.069824219
0.998976171 0.005137002 -0.044947531 -0.888662875 -0.005039152 0.999984741 0.002290015 0.068630010 0.044958606 -0.002061173 0.998986721 38.711132050
0.999047458 0.005560059 -0.043282643 -0.912375510 -0.005545599 0.999984562 0.000454123 0.075890645 0.043284502 -0.000213661 0.999062717 39.366291046
0.999179602 0.006523782 -0.039970759 -0.945801079 -0.006473113 0.999978125 0.001396951 0.075148948 0.039978996 -0.001137070 0.999199927 40.005580902
0.999251723 0.011422149 -0.036956929 -0.975471616 -0.011287241 0.999928772 0.003857076 0.077999219 0.036998361 -0.003437048 0.999309361 40.652389526
0.999337256 0.015538343 -0.032919731 -1.004705071 -0.015299503 0.999854863 0.007494739 0.077762514 0.033031404 -0.006986117 0.999429822 41.276981354
0.999372661 0.020819049 -0.028653126 -1.031151891 -0.020589320 0.999753594 0.008289476 0.082809359 0.028818648 -0.007694328 0.999555051 41.878746033
0.999418676 0.024553079 -0.023653097 -1.048673749 -0.024356911 0.999666750 0.008546440 0.088607490 0.023855045 -0.007965356 0.999683797 42.464729309
0.999438226 0.028395986 -0.017803755 -1.063056588 -0.028205112 0.999542952 0.010882046 0.087218344 0.018104617 -0.010373776 0.999782324 43.038715363
0.999389529 0.033112701 -0.011141610 -1.075823545 -0.032980267 0.999385536 0.011866646 0.091588259 0.011527702 -0.011491950 0.999867439 43.597488403
0.999325931 0.036464859 -0.004238660 -1.080296040 -0.036413286 0.999268711 0.011667366 0.093726993 0.004661009 -0.011505160 0.999922872 44.131301880
0.999198258 0.039904892 0.003247307 -1.085560918 -0.039939974 0.999135017 0.011570712 0.097113669 -0.002782770 -0.011691132 0.999927700 44.634826660
0.998976231 0.044010956 0.010468098 -1.079110146 -0.044126961 0.998964012 0.011121685 0.100231379 -0.009967775 -0.011572224 0.999883354 45.129642487
0.998677194 0.048082504 0.018217491 -1.078016281 -0.048239972 0.998801231 0.008305321 0.105224431 -0.017796312 -0.009173146 0.999799490 45.602695465
0.998377085 0.050404601 0.026506327 -1.073010445 -0.050563719 0.998706341 0.005366900 0.104173616 -0.026201520 -0.006698448 0.999634206 46.047645569
0.998121083 0.050816696 0.034237429 -1.055962920 -0.051018726 0.998684883 0.005052622 0.108199790 -0.033935651 -0.006789879 0.999400973 46.475101471
0.997867048 0.049746647 0.042267568 -1.032389283 -0.050054092 0.998726964 0.006246316 0.109913558 -0.041903026 -0.008348659 0.999086797 46.873981476
0.997395396 0.051908035 0.050080337 -1.010189533 -0.052321084 0.998605967 0.006971492 0.113076285 -0.049648646 -0.009573590 0.998720884 47.264308929
0.996732831 0.054981217 0.059166677 -0.998169184 -0.055515509 0.998430252 0.007423469 0.109111384 -0.058665644 -0.010683883 0.998220503 47.620952606
0.995908558 0.059998963 0.067574628 -0.968503475 -0.060583770 0.998141050 0.006636595 0.113555998 -0.067050822 -0.010703367 0.997692108 47.946189880
0.995007098 0.063829966 0.076724567 -0.950854540 -0.064542435 0.997891545 0.006840250 0.110646337 -0.076126195 -0.011758087 0.997028887 48.247085571
0.994277596 0.063066497 0.086224794 -0.923004627 -0.063953578 0.997924268 0.007561926 0.108381599 -0.085568912 -0.013033037 0.996247053 48.531024933
0.993394196 0.061869260 0.096644208 -0.880525589 -0.062695153 0.998017371 0.005529598 0.110996842 -0.096110485 -0.011552194 0.995303631 48.807189941
0.992266297 0.060324349 0.108483173 -0.846985817 -0.060821623 0.998147845 0.001277884 0.105082765 -0.108205169 -0.007866125 0.994097471 49.060939789
0.990670443 0.061341505 0.121693507 -0.805299282 -0.061433215 0.998106658 -0.003001789 0.108783320 -0.121647254 -0.004502240 0.992563188 49.330627441
0.988559127 0.062768430 0.137152806 -0.765641689 -0.062638029 0.998022318 -0.005270876 0.108126611 -0.137212440 -0.003380408 0.990535855 49.597023010
0.986062169 0.064708523 0.153278172 -0.716002464 -0.064455643 0.997898579 -0.006623743 0.105851650 -0.153384686 -0.003348221 0.988160789 49.849494934
0.983250141 0.065153837 0.170218021 -0.661631584 -0.064761966 0.997869730 -0.007859577 0.105948776 -0.170367509 -0.003295722 0.985375106 50.109146118
0.979984045 0.064456448 0.188352033 -0.603541374 -0.063935190 0.997914851 -0.008848211 0.098489314 -0.188529611 -0.003371217 0.982061684 50.337566376
0.976130247 0.063693963 0.207635954 -0.535384178 -0.063196078 0.997960210 -0.009037124 0.093766600 -0.207788035 -0.004300369 0.978164375 50.581943512
0.971625626 0.063689493 0.227787539 -0.461815834 -0.063013829 0.997960091 -0.010245178 0.090084195 -0.227975383 -0.004399287 0.973657012 50.820304871
0.966309786 0.065916054 0.248798311 -0.386762619 -0.064759076 0.997818291 -0.012841410 0.094793677 -0.249101967 -0.003703170 0.968470216 51.077194214
0.960026443 0.067390703 0.271675497 -0.302462578 -0.065854616 0.997719824 -0.014778109 0.086343050 -0.272051901 -0.003703709 0.962275445 51.319107056
0.952792823 0.068497740 0.295793384 -0.206631660 -0.066812232 0.997640193 -0.015814681 0.077756643 -0.296178669 -0.004694497 0.955121040 51.557147980
0.944163322 0.071494743 0.321627319 -0.114579201 -0.069831036 0.997418642 -0.016722115 0.072120667 -0.321992636 -0.006671167 0.946718693 51.797248840
0.934333980 0.073181830 0.348804444 -0.006244659 -0.071461253 0.997284234 -0.017816344 0.063788652 -0.349160969 -0.008279585 0.937026203 52.033481598
0.923034787 0.074066557 0.377519429 0.105951309 -0.072150759 0.997208178 -0.019236458 0.057484329 -0.377890259 -0.009482390 0.925801873 52.274726868
0.910476506 0.072248951 0.407200694 0.252267838 -0.069584630 0.997347176 -0.021370580 0.046586037 -0.407664448 -0.008877497 0.913088739 52.506542206
0.895664692 0.069418907 0.439278632 0.403503418 -0.065498382 0.997561693 -0.024096444 0.040688276 -0.439880311 -0.007189708 0.898027658 52.730751038
0.878328800 0.068799965 0.473080456 0.553934097 -0.062907815 0.997618437 -0.028287724 0.030840397 -0.473899990 -0.004914535 0.880564988 52.944618225
0.858900309 0.070563704 0.507258296 0.720602036 -0.062197022 0.997503281 -0.033447426 0.022336841 -0.508351982 -0.002821950 0.861144781 53.168617249
0.837083876 0.072540104 0.542243838 0.905511856 -0.061775263 0.997364223 -0.038060032 0.013168454 -0.543575525 -0.001637818 0.839358687 53.393508911
0.812480092 0.075120747 0.578128874 1.102663040 -0.062545255 0.997171819 -0.041671507 0.003993630 -0.579624236 -0.002301947 0.814880610 53.622848511
0.785084426 0.079222113 0.614301383 1.315845490 -0.065722197 0.996842444 -0.044561982 -0.008607268 -0.615892053 -0.005388319 0.787812173 53.852607727
0.754995167 0.083822355 0.650350690 1.540399551 -0.069581740 0.996437609 -0.047651004 -0.022740364 -0.652028084 -0.009276254 0.758138120 54.082847595
0.721959472 0.084788390 0.686720729 1.804016113 -0.069052532 0.996338069 -0.050420456 -0.038640499 -0.688481152 -0.011018278 0.725170553 54.321746826
0.685292482 0.082440682 0.723586738 2.070034027 -0.065692805 0.996519268 -0.051320668 -0.060707331 -0.725299001 -0.012364769 0.688322902 54.531105042
0.646269679 0.080801308 0.758819222 2.379543304 -0.062551394 0.996641338 -0.052851655 -0.082292795 -0.760541022 -0.013308775 0.649153352 54.749824524
0.603331447 0.080215313 0.793446124 2.708894730 -0.060632102 0.996662557 -0.054655712 -0.103857875 -0.795182347 -0.015132783 0.606181562 54.972129822
0.556995153 0.080251485 0.826629400 3.061880112 -0.057235666 0.996663332 -0.058192585 -0.120298743 -0.828541160 -0.014899695 0.559729815 55.177047729
0.509149909 0.079260156 0.857020438 3.461265564 -0.054011926 0.996730566 -0.060092885 -0.140573859 -0.858981431 -0.015693054 0.511766136 55.374362946
0.460511237 0.077828765 0.884235322 3.871849060 -0.052005447 0.996803224 -0.060652260 -0.155962467 -0.886129200 -0.018054008 0.463086545 55.555961609
0.410693586 0.075157501 0.908670545 4.290771484 -0.051572569 0.996916175 -0.059147079 -0.185955167 -0.910313785 -0.022571139 0.413303137 55.717369080
0.360596180 0.075397760 0.929669619 4.762828827 -0.054600872 0.996724546 -0.059657674 -0.201921463 -0.931122541 -0.029248437 0.363531768 55.882778168
0.311121494 0.075691417 0.947351158 5.211357117 -0.053074155 0.996651471 -0.062200226 -0.226454139 -0.948886991 -0.030928029 0.314096987 56.005092621
0.264441192 0.072202265 0.961695194 5.700515747 -0.041726805 0.997116268 -0.063387811 -0.260033846 -0.963498652 -0.023366120 0.266691387 56.092510223
0.220096961 0.066603400 0.973201632 6.213752747 -0.028223949 0.997683585 -0.061895810 -0.283753693 -0.975069582 -0.013844503 0.221466899 56.170822144
0.177633405 0.065123782 0.981939495 6.741853714 -0.019886266 0.997841716 -0.062581003 -0.323370337 -0.983895779 -0.008410631 0.178545102 56.238216400
0.139522687 0.066919692 0.987955034 7.240999222 -0.016209975 0.997734427 -0.065292865 -0.339916229 -0.990086198 -0.006904890 0.140291393 56.273700714
0.106806464 0.067607678 0.991978645 7.783487320 -0.007543172 0.997711897 -0.067186244 -0.374860406 -0.994251192 -0.000306741 0.107072078 56.304626465
0.078138664 0.065725215 0.994773686 8.348454475 -0.000251272 0.997825742 -0.065907136 -0.412340313 -0.996942461 0.004899935 0.077985317 56.324260712
0.053365678 0.064032264 0.996519983 8.921514511 0.006685282 0.997896791 -0.064478740 -0.445924819 -0.998552680 0.010102967 0.052825361 56.335430145
0.033167761 0.063333541 0.997441232 9.484792709 0.011529032 0.997899532 -0.063746035 -0.469431698 -0.999383211 0.013613844 0.032367919 56.333587646
0.017368155 0.065105721 0.997727215 10.072783470 0.014511484 0.997756243 -0.065360211 -0.496525407 -0.999743760 0.015613690 0.016384408 56.332412720
0.003698166 0.064746909 0.997894824 10.653746605 0.014701221 0.997790277 -0.064794615 -0.533854961 -0.999885082 0.014909893 0.002738135 56.325988770
-0.007682122 0.065802045 0.997803152 11.266485214 0.015826458 0.997715533 -0.065674424 -0.566640079 -0.999845266 0.015287169 -0.008705989 56.313789368
-0.017086826 0.068561003 0.997500598 11.917246819 0.020596467 0.997458696 -0.068205312 -0.604278862 -0.999641836 0.019379575 -0.018455517 56.306495667
-0.023441933 0.070500508 0.997236311 12.542362213 0.024673205 0.997247338 -0.069921300 -0.639297962 -0.999420643 0.022965923 -0.025116879 56.277034760
-0.027932558 0.069736309 0.997174382 13.194623947 0.024889745 0.997302771 -0.069048092 -0.679014921 -0.999299884 0.022890730 -0.029592937 56.261367798
-0.031540610 0.067047015 0.997251213 13.858259201 0.022907425 0.997534037 -0.066341534 -0.709475100 -0.999239922 0.020752007 -0.032998707 56.240798950
-0.034238514 0.060320020 0.997591734 14.545942307 0.020883936 0.998002172 -0.059628073 -0.748810828 -0.999195457 0.018792065 -0.035429832 56.225284576
-0.035341799 0.054939225 0.997864008 15.233779907 0.022551525 0.998277366 -0.054163273 -0.781321168 -0.999120831 0.020589124 -0.036519881 56.197166443
-0.035882790 0.052175328 0.997993112 15.915245056 0.024485007 0.998382211 -0.051315326 -0.815843582 -0.999055922 0.022594530 -0.037102260 56.171989441
-0.035987396 0.054412600 0.997869790 16.617523193 0.027945522 0.998180926 -0.053421725 -0.855921626 -0.998961449 0.025963485 -0.037442517 56.149589539
-0.034779947 0.061991446 0.997470438 17.314359665 0.029029375 0.997715890 -0.060994484 -0.881762028 -0.998973310 0.026834561 -0.036500081 56.123420715
-0.032771781 0.070017353 0.997007251 18.048013687 0.029955853 0.997163773 -0.069043681 -0.921356797 -0.999013841 0.027603520 -0.034776267 56.093959808
-0.030770272 0.070653707 0.997026145 18.766683578 0.030826245 0.997091115 -0.069706947 -0.957375050 -0.999051034 0.028589668 -0.032858755 56.078369141
-0.028486090 0.066165939 0.997401893 19.506435394 0.030299697 0.997405529 -0.065300815 -1.001471758 -0.999134898 0.028360812 -0.030416990 56.056667328
-0.025831364 0.059841856 0.997873545 20.250917435 0.029944560 0.997804999 -0.059062604 -1.042459130 -0.999217689 0.028355215 -0.027566604 56.036781311
-0.023074528 0.058480382 0.998021960 21.008035660 0.028009417 0.997933567 -0.057827633 -1.083979130 -0.999341249 0.026619665 -0.024664853 56.023281097
-0.019804526 0.063818634 0.997765005 21.737625122 0.035756435 0.997367561 -0.063083485 -1.126969695 -0.999164224 0.034427177 -0.022034314 56.003086090
-0.016514819 0.069283314 0.997460246 22.467874527 0.037629772 0.996932685 -0.068623640 -1.168499470 -0.999155283 0.036400896 -0.019071277 55.988243103
-0.014159545 0.070040047 0.997443616 23.201986313 0.031229235 0.997088134 -0.069571741 -1.209287286 -0.999411881 0.030164296 -0.016305607 55.991115570
-0.010633041 0.066513002 0.997728884 23.951261520 0.026970237 0.997441411 -0.066206396 -1.254736304 -0.999579668 0.026205007 -0.012399705 55.992347717
-0.006086166 0.062817506 0.998006403 24.717512131 0.031041887 0.997555852 -0.062599830 -1.306632042 -0.999499559 0.030599011 -0.008021263 55.983749390
-0.002380380 0.063686885 0.997967124 25.457489014 0.035606366 0.997342467 -0.063562095 -1.353530765 -0.999363065 0.035382677 -0.004641714 55.973072052
-0.000234212 0.067695908 0.997705936 26.190172195 0.035322443 0.997084022 -0.067645408 -1.405597210 -0.999375880 0.035225566 -0.002624716 55.986782074
0.004006756 0.069319248 0.997586489 26.950494766 0.031269107 0.997097969 -0.069410898 -1.441878319 -0.999502957 0.031471752 0.001827579 55.992721558
0.007902469 0.068762124 0.997601748 27.701391220 0.030753138 0.997144282 -0.068974204 -1.488459468 -0.999495804 0.031224450 0.005765252 56.001293182
0.011376726 0.065232933 0.997805119 28.440973282 0.034587231 0.997247040 -0.065590799 -1.540631771 -0.999336958 0.035257526 0.009089178 56.008159637
0.015061044 0.066241294 0.997689962 29.202249527 0.038899422 0.997008860 -0.066783294 -1.587484479 -0.999129593 0.039815392 0.012439247 56.010074615
0.018746631 0.067163013 0.997565866 29.946119308 0.042195298 0.996799052 -0.067904331 -1.634040356 -0.998933494 0.043365568 0.015852664 56.021907806
0.021333206 0.067111358 0.997517526 30.704410553 0.042193677 0.996794939 -0.067965150 -1.679879189 -0.998881578 0.043538854 0.018433159 56.038364410
0.024391301 0.065355293 0.997563958 31.456562042 0.043548398 0.996844113 -0.066372931 -1.732470512 -0.998753428 0.045061231 0.021468207 56.070682526
0.028310243 0.064564914 0.997511864 32.207843781 0.045059241 0.996815026 -0.065798618 -1.780639887 -0.998583078 0.046809904 0.025310831 56.081134796
0.030870670 0.064991191 0.997408152 32.954566956 0.043556001 0.996848464 -0.066302806 -1.822336197 -0.998573899 0.045489926 0.027942628 56.115612030
0.034088321 0.066889234 0.997177958 33.719905853 0.040205844 0.996858358 -0.068242222 -1.867794037 -0.998609722 0.042418651 0.031291895 56.146343231
0.036886018 0.066411853 0.997110307 34.466266632 0.042160902 0.996797383 -0.067950673 -1.919437647 -0.998429716 0.044545498 0.033967908 56.172870636
0.039928146 0.066854857 0.996963620 35.220058441 0.040206723 0.996843517 -0.068457089 -1.957307100 -0.998393297 0.042817999 0.037114102 56.199195862
0.042432632 0.067139164 0.996841013 35.981483459 0.038703796 0.996880114 -0.068789333 -2.005085707 -0.998349428 0.041500449 0.039701704 56.233856201
0.044977393 0.066979721 0.996740162 36.740524292 0.035853039 0.996998787 -0.068614960 -2.057021379 -0.998344541 0.038822278 0.042440984 56.279415131
0.047905102 0.068781435 0.996480882 37.502929688 0.034400102 0.996920884 -0.070465550 -2.107217073 -0.998259306 0.037654705 0.045391504 56.327507019
0.050863277 0.072260976 0.996088088 38.268093109 0.032610521 0.996726930 -0.073972516 -2.160204887 -0.998173058 0.036245428 0.048340332 56.373409271
0.054655358 0.074293569 0.995737553 39.040363312 0.032875627 0.996553600 -0.076158971 -2.213215351 -0.997963846 0.036898002 0.052024543 56.413368225
0.057692673 0.076381594 0.995408177 39.808151245 0.027171768 0.996579349 -0.078046307 -2.265880585 -0.997964561 0.031549700 0.055419907 56.466831207
0.059598833 0.075746618 0.995344341 40.582752228 0.023228167 0.996741593 -0.077243790 -2.319685459 -0.997952163 0.027723670 0.057645176 56.534091949
0.063399710 0.076225184 0.995072961 41.356624603 0.025643088 0.996625245 -0.077977918 -2.372536898 -0.997658730 0.030460520 0.061231107 56.585628510
0.066920854 0.077720620 0.994726717 42.132907867 0.024924118 0.996520281 -0.079537541 -2.425972462 -0.997447014 0.030115407 0.064750880 56.643737793
0.070905723 0.078598239 0.994381547 42.922901154 0.021245720 0.996545553 -0.080284238 -2.479525805 -0.997256815 0.026818963 0.068990909 56.707035065
0.075212277 0.076343499 0.994240880 43.725471497 0.020148093 0.996745169 -0.078059934 -2.539424896 -0.996964037 0.025903122 0.073429301 56.771236420
0.079647347 0.076189585 0.993907154 44.519256592 0.019536601 0.996763945 -0.077974156 -2.607960939 -0.996631622 0.025628002 0.077901125 56.844795227
0.084991962 0.079579018 0.993198574 45.313644409 0.016341811 0.996559978 -0.081246786 -2.666747808 -0.996247590 0.023135988 0.083399124 56.917350769
0.090537257 0.088220067 0.991977870 46.106987000 0.014036235 0.995856762 -0.089846104 -2.729398489 -0.995794117 0.022058060 0.088923879 57.010246277
0.097754598 0.093072727 0.990848780 46.897327423 0.013133920 0.995409966 -0.094796911 -2.791426182 -0.995123863 0.022280565 0.096083492 57.097915649
0.105098389 0.096126653 0.989805043 47.695953369 0.008011961 0.995203078 -0.097501621 -2.861766577 -0.994429469 0.018177543 0.103824072 57.176788330
0.112178117 0.094677821 0.989167452 48.513732910 0.004298149 0.995394945 -0.095761336 -2.928535938 -0.993678749 0.014993915 0.111254588 57.282184601
0.119625144 0.092938744 0.988459468 49.324390411 0.003911762 0.995557010 -0.094079487 -3.002216101 -0.992811441 0.015120891 0.118730098 57.386756897
0.127589732 0.089088850 0.987817883 50.150688171 0.003873537 0.995905399 -0.090318561 -3.076333523 -0.991819441 0.015350068 0.126722217 57.490829468
0.134892285 0.083601795 0.987327099 50.983520508 0.002150342 0.996407211 -0.084664434 -3.141073227 -0.990857959 0.013543671 0.134227872 57.626396179
0.141555756 0.076206587 0.986992657 51.761920929 -0.000805610 0.997040987 -0.076866910 -3.207705975 -0.989929974 0.010085816 0.141198292 57.737758636
0.148741111 0.073463961 0.986143529 52.574756622 -0.000688562 0.997244179 -0.074187048 -3.272912502 -0.988875985 0.010355640 0.148381785 57.874698639
0.156664997 0.075565100 0.984756827 53.370494843 -0.000901002 0.997079313 -0.076367326 -3.328958988 -0.987651467 0.011076818 0.156275541 57.997779846
0.162131235 0.082280070 0.983332813 54.163383484 -0.000498976 0.996524334 -0.083301574 -3.389107943 -0.986769140 0.013015130 0.161608785 58.139816284
0.167071581 0.085876308 0.982197702 54.928916931 -0.002259903 0.996230245 -0.086718805 -3.446210384 -0.985942304 0.012268576 0.166635841 58.276100159
0.172538906 0.088909782 0.980981827 55.698802948 -0.003946490 0.995972216 -0.089574292 -3.515859365 -0.984994769 0.011583616 0.172194853 58.406696320
0.177745268 0.088237375 0.980112672 56.478939056 -0.006398824 0.996054530 -0.088512160 -3.586437702 -0.984055698 0.009461046 0.177608564 58.559513092
0.183122531 0.085010558 0.979407609 57.241012573 -0.002552961 0.996291995 -0.085998759 -3.653473616 -0.983086765 0.013247917 0.182660520 58.696662903
0.187719017 0.078711845 0.979063809 58.005622864 -0.001632620 0.996807575 -0.079825319 -3.707869053 -0.982221425 0.013386293 0.187248230 58.845466614
0.191463321 0.072926208 0.978786767 58.757213593 -0.003460055 0.997279823 -0.073627234 -3.764562368 -0.981493652 0.010710260 0.191194847 58.994155884
0.194148004 0.068838276 0.978553951 59.497604370 -0.006804043 0.997605324 -0.068828553 -3.830134869 -0.980948627 0.006704799 0.194151431 59.155723572
0.197497070 0.068897620 0.977879345 60.227550507 -0.008226441 0.997608542 -0.068626210 -3.882616997 -0.980268896 0.005509010 0.197591573 59.306240082
0.199373007 0.070785366 0.977363765 60.945030212 -0.010338907 0.997484028 -0.070133537 -3.933856010 -0.979869068 0.003877863 0.199603215 59.463027954
0.200647473 0.075218670 0.976771653 61.640773773 -0.014683680 0.997167051 -0.073772959 -3.988205910 -0.979553461 0.000459757 0.201183528 59.618621826
0.203359276 0.079667494 0.975857675 62.344852448 -0.015756607 0.996821404 -0.078095414 -4.036309242 -0.978977382 0.000505221 0.203968152 59.766181946
0.205223992 0.084892265 0.975026309 63.043739319 -0.016106594 0.996389151 -0.083362140 -4.094529152 -0.978582442 0.001403559 0.205850303 59.923843384
0.206764042 0.086699605 0.974541783 63.710193634 -0.014907629 0.996229589 -0.085466146 -4.146976948 -0.978277266 0.003143218 0.207276940 60.075290680
0.208186060 0.086780369 0.974231780 64.374015808 -0.017247636 0.996227086 -0.085053928 -4.200872898 -0.977937102 0.000903842 0.208897382 60.219078064
0.208573073 0.083660342 0.974421918 65.036415100 -0.017064745 0.996494174 -0.081902720 -4.257669926 -0.977857888 0.000454441 0.209269539 60.366588593
0.209778950 0.081263967 0.974365830 65.700218201 -0.017078849 0.996692598 -0.079449028 -4.312440395 -0.977599680 0.000025685 0.210473061 60.507621765
0.209826127 0.080149904 0.974447906 66.349426270 -0.015446675 0.996781766 -0.078660786 -4.357670784 -0.977616668 0.001453106 0.210388914 60.646213531
0.207997948 0.079440847 0.974897861 66.980003357 -0.016013166 0.996839464 -0.077812314 -4.408967972 -0.977998197 0.000573595 0.208612680 60.788581848
0.206359759 0.080155492 0.975187540 67.590133667 -0.018006595 0.996781290 -0.078120001 -4.470247746 -0.978310406 -0.001438980 0.207138866 60.920013428
0.204125091 0.082921468 0.975426555 68.199142456 -0.018685816 0.996554554 -0.080807231 -4.521050453 -0.978766382 -0.001731857 0.204971269 61.051372528
0.201978818 0.086489208 0.975563526 68.794380188 -0.016517146 0.996252298 -0.084903695 -4.573268890 -0.979250550 0.001035219 0.202650383 61.174175262
0.200244367 0.087340571 0.975845218 69.401260376 -0.014494772 0.996173620 -0.086185679 -4.619721889 -0.979638696 0.003113540 0.200744152 61.306221008
0.198064640 0.086502589 0.976364553 69.986679077 -0.014606323 0.996248126 -0.085301198 -4.658172607 -0.980080128 0.002634050 0.198585019 61.418930054
0.195721045 0.083735570 0.977078140 70.574806213 -0.015098241 0.996487081 -0.082374558 -4.706330299 -0.980543375 0.001370272 0.196297780 61.537502289
0.193424493 0.079364367 0.977899909 71.148712158 -0.014315051 0.996845067 -0.078070469 -4.758662224 -0.981010735 0.001102053 0.193950355 61.657184601
0.191597402 0.078291960 0.978345931 71.710372925 -0.011148050 0.996922553 -0.077595346 -4.811929703 -0.981410384 0.003960418 0.191880599 61.763118744
0.190046221 0.080086723 0.978503227 72.260093689 -0.006936237 0.996751964 -0.080233164 -4.848717213 -0.981750667 0.008460879 0.189984456 61.863166809
0.187627569 0.081853054 0.978823781 72.811569214 -0.002567964 0.996559203 -0.082843907 -4.892020702 -0.982236862 0.013030220 0.187192202 61.967094421
0.185912147 0.083952993 0.978973210 73.353347778 -0.003449486 0.996392727 -0.084791750 -4.932536125 -0.982560456 0.012386859 0.185531080 62.066574097
0.184424296 0.086752780 0.979010522 73.892433167 -0.004093670 0.996155977 -0.087500922 -4.975396633 -0.982838273 0.012129548 0.184070513 62.168849945
0.183463961 0.084967911 0.979347467 74.444664001 -0.001879339 0.996285915 -0.086085439 -5.025474548 -0.983024657 0.013953051 0.182942256 62.269256592
0.184884325 0.083595566 0.979198396 74.987007141 0.003945960 0.996304452 -0.085800983 -5.063952446 -0.982752442 0.019727133 0.183871195 62.350852966
0.186419696 0.081479877 0.979085624 75.531150818 0.009061051 0.996370018 -0.084643543 -5.107115746 -0.982428432 0.024650767 0.185004756 62.459960938
0.188659400 0.080748588 0.978717148 76.084167480 0.011647580 0.996359646 -0.084449396 -5.153091431 -0.981973588 0.027331857 0.187032118 62.560943604
0.191969022 0.080425426 0.978099942 76.642944336 0.009280170 0.996443212 -0.083755106 -5.198040485 -0.981357098 0.025155326 0.190539867 62.678062439
0.197291657 0.081003077 0.976992548 77.194549561 0.008041020 0.996413291 -0.084237054 -5.243359566 -0.980311811 0.024475282 0.195932686 62.798820496
0.203602731 0.080375262 0.975748837 77.760971069 0.008989168 0.996429086 -0.083954461 -5.281871319 -0.979012251 0.025864530 0.202153206 62.929546356
0.211668715 0.080560438 0.974015534 78.329193115 0.007254390 0.996440053 -0.083991662 -5.323572159 -0.977314532 0.024844294 0.210330769 63.051330566
0.219801083 0.078626744 0.972370923 78.896614075 0.007619045 0.996577919 -0.082306400 -5.366434097 -0.975515008 0.025499575 0.218449876 63.199943542
0.228250772 0.078513920 0.970431387 79.452835083 0.003663529 0.996666729 -0.081498221 -5.409571171 -0.973595440 0.022157237 0.227202371 63.331222534
0.237876534 0.078210823 0.968141437 80.032257080 0.002638592 0.996697009 -0.081165999 -5.453983307 -0.971291840 0.021862015 0.236884519 63.481029510
0.247408882 0.082023270 0.965433121 80.619911194 -0.002918525 0.996468902 -0.083912149 -5.500383377 -0.968906820 0.017942967 0.246774659 63.650859833
0.256580293 0.084226772 0.962845981 81.222221375 -0.006184598 0.996318400 -0.085506737 -5.544872284 -0.966503084 0.015984533 0.256156594 63.832717896
0.267488122 0.086738899 0.959649086 81.810760498 -0.010054182 0.996137023 -0.087234437 -5.590378761 -0.963508725 0.013685688 0.267326921 64.006790161
0.277588844 0.088921160 0.956575930 82.418296814 -0.011932128 0.995949566 -0.089118659 -5.639165878 -0.960625887 0.013324360 0.277525425 64.198951721
0.287318677 0.089871474 0.953609586 83.040046692 -0.014973601 0.995888233 -0.089344494 -5.687011242 -0.957718074 0.011391371 0.287482977 64.401580811
0.297543198 0.090056673 0.950451493 83.667922974 -0.015949640 0.995871067 -0.089367151 -5.741696358 -0.954575181 0.011431231 0.297751009 64.606063843
0.307683647 0.091159672 0.947111845 84.311859131 -0.019956902 0.995799303 -0.089362539 -5.786874771 -0.951279461 0.008593972 0.308210373 64.831619263
0.318307728 0.086463198 0.944036186 84.950538635 -0.019839894 0.996221423 -0.084553190 -5.833559513 -0.947779775 0.008184361 0.318820447 65.050292969
0.329143286 0.078792728 0.940986931 85.610763550 -0.015706189 0.996831596 -0.077975042 -5.887831688 -0.944149375 0.010885642 0.329337984 65.283210754
0.340168655 0.074770749 0.937387168 86.280853271 -0.014272244 0.997129560 -0.074356869 -5.934705734 -0.940256059 0.011915252 0.340259373 65.530113220
0.350392610 0.071833268 0.933844149 86.957176208 -0.015453931 0.997362256 -0.070920669 -5.982109070 -0.936475396 0.010418515 0.350578517 65.793067932
0.359676480 0.069337308 0.930497229 87.644416809 -0.008767274 0.997442305 -0.070936896 -6.022841930 -0.933035791 0.017356412 0.359364510 66.061660767
0.368234694 0.064083159 0.927521706 88.343009949 -0.002591835 0.997688651 -0.067902058 -6.064368248 -0.929729283 0.022599908 0.367549658 66.336982727
0.375362039 0.055016607 0.925244033 89.066497803 0.006790892 0.998046875 -0.062100571 -6.105000496 -0.926853478 0.029593427 0.374255210 66.619293213
0.382525414 0.050145820 0.922583163 89.772956848 0.012376200 0.998158276 -0.059385095 -6.149944782 -0.923862100 0.034134377 0.381200284 66.907348633
0.389583111 0.049961451 0.919635117 90.478103638 0.014244257 0.998081207 -0.060257483 -6.200410843 -0.920881152 0.036574822 0.388123870 67.212387085
0.397017181 0.056530621 0.916068554 91.190795898 0.016518330 0.997499704 -0.068714641 -6.238948822 -0.917662501 0.042412821 0.395090699 67.522842407
0.404267460 0.060715355 0.912623346 91.896484375 0.020633955 0.996934950 -0.075464740 -6.281994820 -0.914407969 0.049338974 0.401775599 67.829864502
0.409337640 0.062931292 0.910210013 92.601493835 0.018447047 0.996843636 -0.077217042 -6.333491325 -0.912196457 0.048398528 0.406884730 68.159584045
0.414061219 0.064138129 0.907986581 93.311531067 0.011589301 0.997062087 -0.075715199 -6.395945549 -0.910175264 0.041873645 0.412101388 68.494079590
0.417905688 0.068078451 0.905936122 93.996665955 0.004759718 0.997010589 -0.077118076 -6.451285362 -0.908477962 0.036540084 0.416332334 68.830642700
0.421894789 0.070784338 0.903877378 94.674613953 0.004239970 0.996782720 -0.080038987 -6.512859344 -0.906634808 0.037600443 0.420237333 69.157012939
0.426030189 0.075288206 0.901570797 95.347740173 0.000751874 0.996501505 -0.083570980 -6.566708565 -0.904708624 0.036281623 0.424483180 69.474113464
0.429467946 0.078224421 0.899687767 96.012641907 -0.002188678 0.996328712 -0.085582204 -6.624955177 -0.903079450 0.034785692 0.428062439 69.804214478
0.433404148 0.077044152 0.897900403 96.667884827 -0.003413222 0.996472180 -0.083854571 -6.679172039 -0.901193202 0.033278182 0.432138115 70.127548218
0.437600791 0.073887520 0.896128416 97.328674316 -0.002774286 0.996724248 -0.080827095 -6.744987965 -0.899165154 0.032883883 0.436372310 70.452079773
0.440938771 0.070913039 0.894731402 97.958877563 -0.002597018 0.996970594 -0.077736273 -6.796893597 -0.897533417 0.031953305 0.439787209 70.761596680
0.444421887 0.069960363 0.893081605 98.587768555 -0.003591676 0.997076929 -0.076319620 -6.853139877 -0.895810544 0.030710444 0.443374038 71.085243225
0.447937101 0.071652107 0.891189277 99.206230164 -0.005943529 0.997000098 -0.077171959 -6.908220768 -0.894045234 0.029271383 0.447019190 71.402442932
0.450230718 0.072643593 0.889952362 99.813468933 -0.005402381 0.996888638 -0.078639306 -6.959094524 -0.892895877 0.030597972 0.449222267 71.722137451
0.452489883 0.070726193 0.888960421 100.411231995 -0.003297313 0.996975899 -0.077641591 -7.010915756 -0.891763389 0.032200858 0.451354772 72.027404785
0.454495132 0.069481142 0.888035238 101.007698059 -0.001496825 0.997011244 -0.077241525 -7.066639423 -0.890747964 0.033776660 0.453240782 72.322456360
0.456337124 0.069421507 0.887094736 101.589721680 -0.002314069 0.997041166 -0.076835215 -7.110876083 -0.889803946 0.033009958 0.455147564 72.628280640
0.458328843 0.068462871 0.886141896 102.166069031 -0.000881366 0.997063398 -0.076576747 -7.164598942 -0.888782144 0.034316320 0.457043231 72.929275513
0.460803151 0.070361786 0.884708762 102.727828979 -0.001502929 0.996912777 -0.078502677 -7.211161137 -0.887501001 0.034844637 0.459486365 73.226608276
0.463609338 0.070328578 0.883244157 103.281639099 0.000982510 0.996803522 -0.079886489 -7.266616821 -0.886039197 0.037903916 0.462058336 73.512916565
0.466964513 0.069775768 0.881518841 103.825134277 0.002986531 0.996751785 -0.080478944 -7.307433128 -0.884271026 0.040213507 0.465239346 73.802261353
0.470179349 0.067848161 0.879959106 104.362564087 0.006195189 0.996762395 -0.080164328 -7.357041836 -0.882549047 0.043143138 0.468236804 74.090332031
0.473711550 0.067073584 0.878122151 104.890907288 0.007793057 0.996737242 -0.080337800 -7.397081852 -0.880645573 0.044900205 0.471643299 74.370330811
0.476384193 0.066067778 0.876751482 105.404602051 0.009368547 0.996734798 -0.080199547 -7.444424629 -0.879187346 0.046419688 0.474209756 74.662673950
0.480251521 0.065626174 0.874672353 105.919631958 0.009024866 0.996774614 -0.079742678 -7.496704102 -0.877084434 0.046190344 0.478110254 74.936714172
0.483742625 0.065104790 0.872785389 106.427642822 0.010812223 0.996708751 -0.080341443 -7.541217804 -0.875143409 0.048301332 0.481446594 75.213981628
0.487809777 0.066235356 0.870433569 106.931137085 0.010493292 0.996600389 -0.081716657 -7.585941792 -0.872886837 0.048995901 0.485456437 75.498954773
0.491828889 0.066498727 0.868148744 107.425491333 0.012412642 0.996442318 -0.083357893 -7.631080151 -0.870603383 0.051773839 0.489253730 75.784683228
0.496560782 0.069575980 0.865208924 107.917465210 0.010551419 0.996224701 -0.086167336 -7.680713654 -0.867937744 0.051916499 0.493952036 76.074844360
0.502310514 0.075575173 0.861378253 108.397613525 0.007171647 0.995774746 -0.091548897 -7.724724293 -0.864657462 0.052163478 0.499646157 76.352416992
0.507835627 0.082640082 0.857480943 108.877029419 0.001229538 0.995317459 -0.096652307 -7.781110287 -0.861453116 0.050137799 0.505356073 76.655555725
0.514028907 0.088919155 0.853151619 109.357437134 -0.003794586 0.994838536 -0.101400115 -7.829011440 -0.857764482 0.048885230 0.511713088 76.958641052
0.519998014 0.093426600 0.849042714 109.835662842 -0.007661766 0.994470537 -0.104736656 -7.884559631 -0.854133070 0.047957681 0.517838478 77.275695801
0.525762618 0.093764618 0.845447779 110.318954468 -0.011908931 0.994620085 -0.102902770 -7.937775135 -0.850547910 0.044034049 0.524050713 77.584976196
0.531179190 0.093080506 0.842131019 110.827430725 -0.018568773 0.994987130 -0.098263323 -7.989127159 -0.847055912 0.036558103 0.530244946 77.921432495
0.537189424 0.090627350 0.838578761 111.329528809 -0.024661377 0.995473385 -0.091785401 -8.041288376 -0.843101025 0.028625645 0.536992729 78.261253357
0.542895794 0.088965602 0.835074365 111.829208374 -0.031168299 0.995822251 -0.085828029 -8.094305038 -0.839221478 0.020567838 0.543400764 78.608116150
0.548713446 0.086831644 0.831488907 112.337867737 -0.033699758 0.996080518 -0.081780739 -8.148381233 -0.835331023 0.016853217 0.549488842 78.964332581
0.555094600 0.090529338 0.826846004 112.859085083 -0.039293535 0.995803773 -0.082648769 -8.196888924 -0.830858588 0.013388197 0.556322455 79.320930481
0.561162651 0.094524994 0.822290361 113.376861572 -0.043128271 0.995447338 -0.084997565 -8.242428780 -0.826581120 0.012233498 0.562684536 79.695411682
0.567140102 0.097919188 0.817779899 113.902961731 -0.045758706 0.995120108 -0.087419316 -8.286499023 -0.822349370 0.012158440 0.568853080 80.084838867
0.573469102 0.100246452 0.813070655 114.435859680 -0.048530806 0.994898975 -0.088435329 -8.337200165 -0.817788482 0.011255946 0.575408876 80.463287354
