1.000000000 0.000000000 0.000000000 0.000000000 0.000000000 1.000000000 0.000000000 0.000000000 0.000000000 0.000000000 1.000000000 0.000000000
0.999991298 0.002667008 -0.003200339 -0.012855844 -0.002671858 0.999995291 -0.001512013 0.003089504 0.003196291 0.001520551 0.999993742 0.751800954
0.999959588 0.002816364 -0.008534451 -0.035824083 -0.002826386 0.999995351 -0.001162485 0.009868410 0.008531136 0.001186560 0.999962926 2.256577015
0.999929905 0.004398452 -0.010994190 -0.051126812 -0.004413998 0.999989271 -0.001390140 0.016248714 0.010987956 0.001438571 0.999938607 3.022628307
0.999816120 0.008065906 -0.017402573 -0.077001259 -0.008121619 0.999962032 -0.003133109 0.019127337 0.017376643 0.003273869 0.999843657 4.483483315
0.999747813 0.009926438 -0.020145629 -0.163907364 -0.010073067 0.999923348 -0.007190065 0.033507634 0.020072712 0.007391181 0.999771237 5.453044415
0.999512613 0.014364637 -0.027716167 -0.161125183 -0.014668822 0.999834061 -0.010803054 0.026664771 0.027556386 0.011204351 0.999557436 6.804691792
0.999374926 0.018262422 -0.030272685 -0.198292300 -0.018558322 0.999782443 -0.009522411 0.026692174 0.030092200 0.010078268 0.999496341 7.576667786
0.999132574 0.016462225 -0.038249504 -0.191746265 -0.016870676 0.999803782 -0.010380410 -0.005051754 0.038071115 0.011016699 0.999214351 8.688339233
0.998924673 0.019403270 -0.042108066 -0.304668248 -0.019929348 0.999728084 -0.012109911 0.023222513 0.041861646 0.012936074 0.999039650 9.915069580
0.998515427 0.019714439 -0.050777148 -0.385349393 -0.020230526 0.999748588 -0.009669883 0.015900873 0.050573748 0.010682776 0.998663127 11.459604263
0.998166025 0.024095008 -0.055535328 -0.500164866 -0.024929935 0.999585569 -0.014390607 0.066369876 0.055165578 0.015748706 0.998353004 12.643933296
0.997251749 0.024178069 -0.070031159 -0.566277623 -0.026045844 0.999325752 -0.025881367 -0.000696719 0.069358170 0.027634256 0.997209013 13.848067284
0.996581137 0.027452465 -0.077925749 -0.635059297 -0.029742215 0.999154687 -0.028376654 -0.012374490 0.077080868 0.030597320 0.996555209 14.647817612
0.995247066 0.030049384 -0.092629142 -0.787362158 -0.032403175 0.999186277 -0.024012234 -0.039834172 0.091832221 0.026899586 0.995411098 16.227390289
0.994544089 0.030023657 -0.099902295 -0.876621068 -0.032181516 0.999280691 -0.020058367 -0.053096861 0.099228218 0.023163939 0.994795084 17.042970657
0.993710518 0.031993795 -0.107311234 -0.974933326 -0.033749267 0.999323964 -0.014582213 -0.053609282 0.106772125 0.018112171 0.994118571 17.858747482
0.991943419 0.034290411 -0.121952176 -1.180583715 -0.034948818 0.999383748 -0.003263265 -0.069389910 0.121765137 0.007499058 0.992530584 19.474262238
0.991028309 0.033776067 -0.129313380 -1.283950925 -0.034662843 0.999388337 -0.004612409 -0.073768705 0.129078507 0.009053394 0.991593003 20.269245148
0.989527047 0.032399278 -0.140664518 -1.509244680 -0.034867123 0.999277651 -0.015114592 -0.070837766 0.140073195 0.019860862 0.989941955 21.809593201
0.988749564 0.033197567 -0.145850480 -1.637166381 -0.036166031 0.999188185 -0.017747805 -0.081450522 0.145142868 0.022822967 0.989147544 22.600614548
0.987224877 0.031096390 -0.156268626 -1.874156594 -0.033729348 0.999329746 -0.014224946 -0.100007415 0.155721515 0.019314062 0.987612188 24.105699539
0.986548901 0.031546783 -0.160393566 -2.014375448 -0.033139288 0.999424279 -0.007262771 -0.107665375 0.160072088 0.012480405 0.987026453 24.896026611
0.985236943 0.038027775 -0.166918993 -2.272585630 -0.038021151 0.999271631 0.003236445 -0.104328051 0.166920498 0.003157787 0.985965252 26.367572784
0.984603941 0.039332520 -0.170317486 -2.410355806 -0.039314508 0.999220788 0.003479684 -0.100645907 0.170321628 0.003269838 0.985383093 27.118686676
0.983654022 0.044058934 -0.174595401 -2.672987700 -0.045027494 0.998984456 -0.001588179 -0.099368051 0.174348131 0.009423811 0.984638989 28.529859543
0.983266175 0.044727068 -0.176598951 -2.811320782 -0.046408348 0.998907924 -0.005399433 -0.100245841 0.176164582 0.013504746 0.984268069 29.233123779
0.982622921 0.042624898 -0.180652604 -3.061717272 -0.045763846 0.998864532 -0.013241487 -0.100389510 0.179883078 0.021278746 0.983457804 30.590532303
0.982191741 0.045719177 -0.182233498 -3.214388847 -0.048875861 0.998722017 -0.012866619 -0.102457494 0.181412324 0.021544307 0.983171105 31.312356949
0.981977820 0.045546707 -0.183425844 -3.441242695 -0.047606032 0.998842835 -0.006836929 -0.119359270 0.182902172 0.015445891 0.983009756 32.545173645
0.982062697 0.044870280 -0.183138117 -3.574097633 -0.046719380 0.998891294 -0.005792507 -0.118073016 0.182675138 0.014244704 0.983070195 33.259014130
0.982764304 0.044420324 -0.179446951 -3.807670832 -0.046039328 0.998927772 -0.004865563 -0.161811829 0.179038435 0.013043320 0.983755529 34.226428986
0.983137786 0.044718087 -0.177314490 -3.923670530 -0.046814471 0.998874247 -0.007654948 -0.165508047 0.176772609 0.015826752 0.984124422 34.840702057
0.984243453 0.040099356 -0.172211647 -4.173195839 -0.043009158 0.998987496 -0.013197279 -0.162184209 0.171508074 0.020396017 0.984971583 35.831096649
0.984587789 0.041193694 -0.169970766 -4.278711796 -0.043879792 0.998963892 -0.012075573 -0.162890524 0.169297203 0.019347746 0.985375166 36.430824280
0.985013068 0.042360388 -0.167197138 -4.383279324 -0.044524170 0.998965859 -0.009212498 -0.166341901 0.166633993 0.016518747 0.985880375 37.020858765
0.985898614 0.039224170 -0.162681893 -4.564492702 -0.040594675 0.999162614 -0.005107543 -0.179031551 0.162345365 0.011639538 0.986665368 38.144515991
0.986941516 0.031077873 -0.158052310 -4.743050575 -0.033101980 0.999400020 -0.010189569 -0.183397338 0.157640800 0.015288356 0.987378120 39.278324127
0.987127900 0.032200031 -0.156657666 -4.815957069 -0.034525458 0.999330044 -0.012144802 -0.179715186 0.156161651 0.017397147 0.987578273 39.786937714
0.987587869 0.030897556 -0.153997794 -4.989144325 -0.033358209 0.999353349 -0.013419585 -0.191182226 0.153483585 0.018390108 0.987980008 40.873897552
0.987696588 0.024826825 -0.154398680 -5.069078445 -0.027140398 0.999548495 -0.012894304 -0.190967470 0.154008836 0.016926100 0.987924457 41.441112518
0.987473071 0.019791147 -0.156540945 -5.145098686 -0.021940084 0.999687135 -0.012011506 -0.190355659 0.156254202 0.015295561 0.987598419 41.999614716
0.986617386 0.019636652 -0.161865205 -5.333769321 -0.021694040 0.999704719 -0.010952740 -0.201810986 0.161602348 0.014317675 0.986752093 43.110221863
0.985784292 0.020180300 -0.166799441 -5.440885544 -0.022428339 0.999681056 -0.011604574 -0.197602659 0.166512072 0.015180641 0.985922515 43.657936096
0.983184040 0.020071810 -0.181510970 -5.624603271 -0.022350283 0.999694884 -0.010515920 -0.194761813 0.181244537 0.014395906 0.983332813 44.739662170
0.981671572 0.019355988 -0.189595014 -5.748667717 -0.021357004 0.999735653 -0.008516514 -0.193421185 0.189380050 0.012409600 0.981825411 45.316604614
0.977751911 0.022259722 -0.208580181 -6.014147282 -0.024173750 0.999685764 -0.006631499 -0.196309835 0.208367065 0.011526127 0.977982819 46.486179352
0.975459456 0.026489746 -0.218579724 -6.164780617 -0.029176414 0.999533117 -0.009072360 -0.194457263 0.218237355 0.015227092 0.975776911 47.077568054
0.970373631 0.030826455 -0.239634514 -6.477973461 -0.034629546 0.999332011 -0.011675009 -0.190825820 0.239114583 0.019627552 0.970793009 48.268642426
0.967530906 0.030953676 -0.250850618 -6.636960030 -0.035473920 0.999279141 -0.013516981 -0.192856133 0.250251412 0.021976750 0.967931449 48.904949188
0.964884996 0.033403210 -0.260540277 -6.828340054 -0.038201507 0.999180615 -0.013373048 -0.189844966 0.259880096 0.022856487 0.965370357 49.537052155
0.958872437 0.036755450 -0.281447500 -7.187152386 -0.042165305 0.999023616 -0.013187491 -0.175634086 0.280687988 0.024512436 0.959486008 50.718517303
0.955747783 0.036431085 -0.291923195 -7.396115780 -0.040548824 0.999145031 -0.008065499 -0.171791464 0.291379809 0.019545719 0.956407726 51.384223938
0.949481010 0.034566931 -0.311915249 -7.827578545 -0.035697684 0.999360442 0.002085699 -0.169487059 0.311787874 0.009154319 0.950107634 52.667209625
0.945605338 0.034061361 -0.323527873 -8.086941719 -0.033896022 0.999406397 0.006147495 -0.153544247 0.323545218 0.005153198 0.946198702 53.435611725
0.942750394 0.027384149 -0.332373112 -8.338506699 -0.026754187 0.999621034 0.006472418 -0.138017595 0.332424462 0.002790496 0.943125784 54.132072449
0.937725723 0.014557057 -0.347071320 -8.801884651 -0.009555129 0.999824405 0.016118899 -0.109040499 0.347245067 -0.011798801 0.937700152 55.468463898
0.935164094 0.010056573 -0.354071885 -9.073651314 -0.003834582 0.999825776 0.018269885 -0.089273810 0.354193956 -0.015727628 0.935039699 56.204265594
0.932444513 0.007637823 -0.361232609 -9.358181000 -0.001487372 0.999849260 0.017301248 -0.077767313 0.361310333 -0.015595170 0.932315230 56.922439575
0.926765084 -0.003711730 -0.375622988 -9.915735245 0.005220030 0.999981940 0.002997889 -0.047516987 0.375605106 -0.004739104 0.926767707 58.328235626
0.924536645 -0.002712030 -0.381083488 -10.228049278 0.003216401 0.999994576 0.000686636 -0.034580898 0.381079584 -0.001860538 0.924540401 59.060695648
0.922369838 0.003175659 -0.386295050 -10.530052185 -0.002465832 0.999994218 0.002333016 -0.030153885 0.386300176 -0.001199365 0.922372341 59.764644623
0.918663383 0.007753379 -0.394965172 -11.144552231 -0.009240916 0.999955535 -0.001864102 -0.028142057 0.394933164 0.005362322 0.918694198 61.142959595
0.916869044 0.009390252 -0.399077773 -11.451384544 -0.012380997 0.999911249 -0.004917167 -0.030972213 0.398996145 0.009449378 0.916903913 61.821418762
0.913400173 0.012934787 -0.406857342 -12.063174248 -0.016324971 0.999854922 -0.004862440 -0.034891009 0.406735390 0.011083287 0.913478792 63.163894653
0.911540449 0.012409605 -0.411022931 -12.354194641 -0.014480116 0.999893308 -0.001924307 -0.030442484 0.410955161 0.007705745 0.911623001 63.821449280
0.908233225 0.014811885 -0.418201864 -12.959233284 -0.015280505 0.999880731 0.002228238 -0.028507069 0.418184966 0.004366576 0.908351421 65.107017517
0.906674623 0.015875133 -0.421531886 -13.263708115 -0.016784539 0.999857843 0.001553288 -0.026510030 0.421496660 0.005666893 0.906812251 65.737213135
0.904354453 0.012344964 -0.426603615 -13.829247475 -0.013008869 0.999914467 0.001357885 -0.019949883 0.426583886 0.004321621 0.904437661 66.952705383
0.903570175 0.010887583 -0.428302109 -14.112263680 -0.011191869 0.999935746 0.001807705 -0.019633323 0.428294271 0.003160112 0.903633952 67.556327820
0.901808321 0.010864811 -0.431999892 -14.677705765 -0.011018320 0.999936998 0.002147486 -0.014772445 0.431996047 0.002823292 0.901871204 68.718955994
0.900420070 0.009896931 -0.434908926 -14.961546898 -0.010751154 0.999942064 0.000496202 -0.008608170 0.434888631 0.004228982 0.900474370 69.303443909
0.897636235 0.004587450 -0.440713406 -15.455160141 -0.005568034 0.999984086 -0.000931883 -0.020089999 0.440702111 0.003290400 0.897647440 70.343093872
0.896285355 0.001475891 -0.443475306 -15.776123047 -0.002217910 0.999996901 -0.001154503 -0.009325862 0.443472236 0.002018353 0.896285832 70.966773987
0.891221583 -0.001253323 -0.453566492 -16.439668655 0.001596881 0.999998569 0.000374484 -0.041438602 0.453565389 -0.001058040 0.891222298 72.230331421
0.889610946 -0.003182642 -0.456708103 -16.723949432 0.003535775 0.999993742 -0.000081362 -0.038931083 0.456705481 -0.001542436 0.889616668 72.759330750
0.885342598 -0.006454727 -0.464894474 -17.249099731 0.005714845 0.999979198 -0.003000671 -0.037639052 0.464904130 -0.000000178 0.885360956 73.766670227
0.882682920 -0.006350046 -0.469926119 -17.523519516 0.004033952 0.999974191 -0.005935363 -0.037494630 0.469951719 0.003343384 0.882685721 74.269912720
0.876127541 -0.004956698 -0.482053936 -18.056184769 -0.003274385 0.999862909 -0.016232202 -0.045106769 0.482068270 0.015799908 0.875991166 75.231918335
0.872731984 -0.003263231 -0.488188773 -18.362499237 -0.008086715 0.999743819 -0.021139218 -0.044408798 0.488132685 0.022396717 0.872482061 75.730583191
0.865387261 0.002079759 -0.501099348 -18.938131332 -0.015614589 0.999617636 -0.022817241 -0.050563693 0.500860333 0.027570205 0.865088940 76.676872253
0.861705840 0.009479037 -0.507319629 -19.257099152 -0.021552082 0.999606907 -0.017930007 -0.056694150 0.506950319 0.026384184 0.861571431 77.184249878
0.853941917 0.025180321 -0.519758582 -19.908895493 -0.032760371 0.999448597 -0.005404469 -0.062124819 0.519335985 0.021642586 0.854296029 78.198707581
0.850013196 0.029035710 -0.525960565 -20.251216888 -0.035025105 0.999385357 -0.001433438 -0.062226102 0.525595725 0.019640265 0.850507796 78.722656250
0.842035830 0.033924121 -0.538353860 -20.958240509 -0.043413997 0.999044895 -0.004949193 -0.051144183 0.537671685 0.027539484 0.842704415 79.754005432
0.832804084 0.034241617 -0.552507818 -21.640539169 -0.046642330 0.998876333 -0.008399486 -0.035409749 0.551599383 0.032765377 0.833465397 80.779624939
0.828562617 0.036750421 -0.558688879 -22.069826126 -0.049238261 0.998760164 -0.007324520 -0.033623397 0.557727098 0.033577699 0.829344869 81.351066589
0.823179364 0.041623391 -0.566253543 -22.441614151 -0.054603945 0.998490155 -0.005983707 -0.024938315 0.565149665 0.035845347 0.824209273 81.900619507
0.812975228 0.043301705 -0.580685914 -23.202987671 -0.053609122 0.998561740 -0.000591479 -0.017262120 0.579825163 0.031610914 0.814127445 82.949546814
0.807312310 0.042870644 -0.588565230 -23.643217087 -0.053427409 0.998571515 -0.000549133 -0.007249370 0.587700963 0.031888839 0.808449626 83.539108276
0.795361519 0.046618551 -0.604340017 -24.498161316 -0.058639433 0.998279214 -0.000167476 0.000252499 0.603292346 0.035571359 0.796726584 84.661788940
0.789743662 0.046430893 -0.611677229 -25.067422867 -0.058825634 0.998268187 -0.000174420 0.036394376 0.610609889 0.036120050 0.791107357 85.328849792
0.785660028 0.046513990 -0.616907239 -25.558931351 -0.058128290 0.998308241 0.001242036 0.050936662 0.615921378 0.034883946 0.787034929 85.952575684
0.780318737 0.042775862 -0.623917222 -26.480358124 -0.052644506 0.998609841 0.002623594 0.069649339 0.623162210 0.030798569 0.781486034 87.111999512
0.778697312 0.038150046 -0.626238883 -27.105741501 -0.046995036 0.998892128 0.002415839 0.092151076 0.625637412 0.027548907 0.779627383 87.794982910
0.773452401 0.031190764 -0.633086443 -28.037792206 -0.034597639 0.999377012 0.006968580 0.112753928 0.632909417 0.016513426 0.774049759 88.990989685
0.771592855 0.026919160 -0.635546863 -28.653406143 -0.026956463 0.999590397 0.009611751 0.119188368 0.635545194 0.009715736 0.772002518 89.727890015
0.768132150 0.027995033 -0.639679015 -29.179595947 -0.027324665 0.999566793 0.010933544 0.141129375 0.639707983 0.009080606 0.768564343 90.399497986
0.762475014 0.029420696 -0.646348357 -30.051139832 -0.031954091 0.999458849 0.007798555 0.165112197 0.646228075 0.014707271 0.763002574 91.415679932
0.759119809 0.034274824 -0.650047839 -30.637535095 -0.037966527 0.999244094 0.008349806 0.185278893 0.649842680 0.018341552 0.759847283 92.076522827
0.753151834 0.045567218 -0.656266689 -31.441923141 -0.042524066 0.998883963 0.020554584 0.155969501 0.656470895 0.012426405 0.754248977 93.037719727
0.750170112 0.049002737 -0.659426749 -32.051727295 -0.041438993 0.998773992 0.027078617 0.187320709 0.659945250 0.007012416 0.751281023 93.715583801
0.741642118 0.044541154 -0.669315279 -32.915260315 -0.032720111 0.999007344 0.030225409 0.208405018 0.669997156 -0.000516362 0.742363453 94.834640503
0.737843335 0.032368533 -0.674195290 -33.523200989 -0.021628780 0.999470294 0.024314521 0.239019871 0.674625218 -0.003358285 0.738152683 95.507247925
0.733185470 0.022191918 -0.679666579 -34.134197235 -0.015082910 0.999752164 0.016372509 0.264519691 0.679861486 -0.001752732 0.733338475 96.174911499
0.722529173 0.017178088 -0.691126883 -35.329170227 -0.008574449 0.999836981 0.015887089 0.309406757 0.691287220 -0.005552853 0.722558737 97.453643799
0.717410207 0.015334527 -0.696482301 -36.077987671 -0.003562215 0.999825418 0.018344015 0.335703373 0.696641982 -0.010679160 0.717339516 98.173057556
0.707507133 0.004780785 -0.706690073 -37.195465088 0.005324016 0.999912679 0.012094618 0.375883818 0.706686139 -0.012319459 0.707419872 99.330497742
0.704264402 0.003615413 -0.709928572 -37.930747986 0.005285008 0.999932587 0.010335143 0.398545265 0.709918022 -0.011030650 0.704197764 100.000213623
0.698244512 0.013724966 -0.715727746 -38.775485992 -0.001063301 0.999834895 0.018135747 0.317887902 0.715858579 -0.011902153 0.698143899 100.919448853
0.696844935 0.003698124 -0.717212379 -39.817565918 0.013808616 0.999732137 0.018571347 0.446057677 0.717088938 -0.022845056 0.696607232 101.894638062
0.695813060 0.002806547 -0.718217492 -41.083290100 0.019284306 0.999558747 0.022588676 0.512887478 0.717963994 -0.029567815 0.695451975 103.138427734
0.695121527 -0.001698225 -0.718890369 -42.109771729 0.024190906 0.999486148 0.021030001 0.632541776 0.718485177 -0.032009009 0.694805384 104.172340393
0.697606742 0.006121093 -0.716454804 -43.130092621 0.012214110 0.999716520 0.020433957 0.593301296 0.716376722 -0.023005717 0.697334290 105.093559265
0.699057937 0.006879263 -0.715032101 -43.806625366 0.009371513 0.999779642 0.018780947 0.620861053 0.715003610 -0.019829895 0.698839426 105.755737305
0.703520119 0.013857260 -0.710540235 -44.911575317 0.000725531 0.999795377 0.020216800 0.649375200 0.710675001 -0.014738448 0.703366101 106.815612793
0.704589903 0.014026631 -0.709476113 -45.656852722 0.001512642 0.999772727 0.021268135 0.700000405 0.709613204 -0.016058493 0.704408467 107.660446167
0.708104908 0.018733723 -0.705858767 -46.265232086 -0.001440665 0.999684274 0.025086693 0.706981182 0.706105888 -0.016747104 0.707908273 108.156661987
0.714832842 0.015632207 -0.699120700 -47.426654816 -0.000255071 0.999755859 0.022093553 0.743747354 0.699295282 -0.015614875 0.714662194 109.267272949
0.718062758 0.013387828 -0.695849597 -48.081912994 -0.005958379 0.999896646 0.013088966 0.770641088 0.695952892 -0.005252566 0.718068123 109.921920776
0.724435270 0.016190156 -0.689152658 -49.079421997 -0.011370623 0.999868810 0.011536998 0.765259027 0.689248919 -0.000521714 0.724524260 110.939956665
0.728390932 0.022195004 -0.684802175 -50.005340576 -0.015170795 0.999752581 0.016266365 0.819087505 0.684993804 -0.001459279 0.728547394 111.892707825
0.734561861 0.026848190 -0.678010345 -51.198539734 -0.017270915 0.999633014 0.020872517 0.859304190 0.678321838 -0.003622300 0.734755874 113.172531128
0.737101912 0.025031468 -0.675317824 -51.777130127 -0.014807683 0.999672055 0.020891631 0.893607140 0.675619304 -0.005399366 0.737230897 113.858688354
0.743119538 0.018645365 -0.668898880 -52.704132080 -0.009116082 0.999801040 0.017741574 0.900322676 0.669096649 -0.007086372 0.743141651 114.949630737
0.747749150 0.013145883 -0.663851202 -53.569034576 -0.005944291 0.999896407 0.013104871 0.951625466 0.663954675 -0.005853031 0.747749865 115.847717285
0.751178741 0.013703532 -0.659956515 -54.188018799 -0.006803113 0.999891996 0.013018581 0.974353015 0.660063744 -0.005289521 0.751190901 116.546836853
0.759068608 0.017767580 -0.650768101 -54.930484772 -0.011089321 0.999835312 0.014363182 0.961905003 0.650916100 -0.003686062 0.759140670 117.401939392
0.763713658 0.019167989 -0.645270526 -55.520538330 -0.014001355 0.999815822 0.013128495 0.985053420 0.645403266 -0.000991749 0.763841331 118.096160889
0.775488198 0.020032568 -0.631044209 -56.485252380 -0.024171790 0.999705672 0.002031138 1.038923264 0.630899191 0.013678346 0.775744200 119.070526123
0.780971706 0.018708153 -0.624286294 -57.071807861 -0.024695711 0.999694586 -0.000935804 1.053377986 0.624078214 0.016148029 0.781195045 119.786193848
0.791650593 0.036282789 -0.609895825 -57.839599609 -0.031859908 0.999328434 0.018095726 1.019016266 0.610142887 0.005105737 0.792274952 120.689468384
0.797362030 0.040364619 -0.602149904 -58.407897949 -0.031619906 0.999184430 0.025108676 1.032149553 0.602672458 -0.000980777 0.797988057 121.430862427
0.809092402 0.043389194 -0.586077511 -59.300163269 -0.037348665 0.999051273 0.022402311 1.137937188 0.586493433 0.003763677 0.809945226 122.558349609
0.814575255 0.036703847 -0.578895509 -59.851158142 -0.032219030 0.999318361 0.018023990 1.163174868 0.579162359 0.003969552 0.815202594 123.328720093
0.825108290 0.024969798 -0.564422548 -60.728767395 -0.028864199 0.999581218 0.002025517 1.221994162 0.564236760 0.014620337 0.825483561 124.582534790
0.829721034 0.024586786 -0.557636559 -61.256675720 -0.026366513 0.999640584 0.004843833 1.243033886 0.557555258 0.010683901 0.830071092 125.423065186
0.840112627 0.025726188 -0.541801572 -62.184494019 -0.023597656 0.999662399 0.010876329 1.243825197 0.541898489 0.003647908 0.840435982 126.800537109
0.844854355 0.026436219 -0.534342825 -62.755565643 -0.025287567 0.999635398 0.009473806 1.286642432 0.534398317 0.005508245 0.845214725 127.707183838
0.852404058 0.021776203 -0.522430122 -63.609802246 -0.017169196 0.999759316 0.013658993 1.288810730 0.522601783 -0.002673274 0.852572799 129.093414307
0.855736256 0.022864291 -0.516906798 -64.114814758 -0.016818449 0.999724507 0.016377863 1.306925297 0.517138898 -0.005321555 0.855884910 129.917266846
0.858103871 0.025765261 -0.512829304 -64.500686646 -0.018835157 0.999647498 0.018707311 1.324423671 0.513130605 -0.006393590 0.858286738 130.557342529
0.863431454 0.021238618 -0.504018903 -65.201293945 -0.017462704 0.999772906 0.012213715 1.355095148 0.504163861 -0.001744168 0.863606215 131.614242554
0.867199481 0.019752121 -0.497569054 -66.078193665 -0.020541118 0.999781489 0.003888016 1.385058165 0.497537166 0.006848940 0.867415547 133.106918335
0.868462205 0.022754401 -0.495232910 -66.663612366 -0.021037498 0.999737799 0.009042546 1.409358263 0.495308816 0.002565353 0.868713140 134.302276611
0.871515989 0.018957647 -0.490000427 -67.408493042 -0.010699381 0.999749660 0.019649407 1.450657845 0.490250349 -0.011882070 0.871500671 135.661468506
0.873256326 0.013877864 -0.487063468 -67.830589294 -0.005575864 0.999813557 0.018490642 1.468465209 0.487229288 -0.013431272 0.873170853 136.440689087
0.875453115 0.009256236 -0.483214527 -68.424461365 -0.006151496 0.999948978 0.008009731 1.477406502 0.483264059 -0.004039648 0.875465393 137.350006104
0.876743078 0.009214403 -0.480870575 -68.731719971 -0.010735136 0.999942303 -0.000411934 1.470957994 0.480839044 0.005523372 0.876791418 137.975540161
0.878012598 0.003878376 -0.478621721 -69.103439331 -0.006850370 0.999966681 -0.004463786 1.483082891 0.478588462 0.007197996 0.878009856 138.672592163
0.880788743 0.011041678 -0.473380685 -69.613777161 -0.003012714 0.999838531 0.017715827 1.348952770 0.473499864 -0.014177740 0.880679786 139.433288574
0.882191837 0.021555079 -0.470396519 -69.990997314 -0.010385694 0.999599397 0.026327303 1.358825445 0.470775574 -0.018340332 0.882062316 140.101577759
0.885155261 0.021477165 -0.464799851 -70.625381470 -0.014013769 0.999711454 0.019506475 1.447469831 0.465084732 -0.010752657 0.885200858 141.045410156
0.886485100 0.018792184 -0.462375283 -70.966285706 -0.012658242 0.999786019 0.016365100 1.467936754 0.462583840 -0.008654557 0.886533260 141.700866699
0.889218748 0.021261809 -0.456987947 -71.574317932 -0.014044449 0.999717295 0.019184778 1.482314229 0.457266688 -0.010641318 0.889266014 142.770965576
0.890371561 0.021452725 -0.454728693 -71.961715698 -0.014094854 0.999709189 0.019565135 1.509169459 0.455016196 -0.011010904 0.890415013 143.613250732
0.893655479 0.018040467 -0.448390931 -72.534683228 -0.012081164 0.999796569 0.016147515 1.534165859 0.448591113 -0.009013229 0.893691659 144.772781372
0.895842612 0.018097438 -0.444002897 -72.843429565 -0.013071976 0.999811172 0.014377358 1.538189888 0.444179147 -0.007075854 0.895910144 145.414123535
0.898067534 0.017156545 -0.439522892 -73.142715454 -0.013242176 0.999840617 0.011970805 1.552061558 0.439658225 -0.004930351 0.898151696 146.028808594
0.903392255 0.014479708 -0.428570539 -73.721939087 -0.013347030 0.999894917 0.005648042 1.570692539 0.428607345 0.000617748 0.903490663 147.228408813
0.906322539 0.011255120 -0.422436774 -74.011360168 -0.011712203 0.999930263 0.001513368 1.583372831 0.422424406 0.003576065 0.906391084 147.849716187
0.909269631 0.013271441 -0.415995866 -74.291038513 -0.014650046 0.999892592 -0.000122181 1.589560866 0.415949553 0.006205454 0.909366548 148.461715698
0.914861202 0.022104327 -0.403162897 -74.812927246 -0.024040354 0.999710977 0.000258822 1.603492975 0.403052062 0.009455393 0.915128171 149.642074585
0.917447567 0.022761142 -0.397205055 -75.089591980 -0.025205581 0.999681830 -0.000933774 1.613516688 0.397057444 0.010868472 0.917729378 150.351501465
0.923584998 0.024726044 -0.382595539 -75.629722595 -0.029919820 0.999523103 -0.007630099 1.617540717 0.382224470 0.018494233 0.923884392 151.554077148
0.926595330 0.026849113 -0.375100315 -75.900291443 -0.033327803 0.999386251 -0.010793781 1.622392058 0.374580264 0.022502733 0.926921368 152.257980347
0.932178557 0.028041894 -0.360911340 -76.408386230 -0.036102898 0.999226213 -0.015610890 1.615782976 0.360194266 0.027582075 0.932469487 153.531661987
0.935131490 0.029991090 -0.353029549 -76.678344727 -0.038590211 0.999104500 -0.017343257 1.616088152 0.352193266 0.029841708 0.935451448 154.214248657
0.940996528 0.027581725 -0.337290436 -77.038291931 -0.036150768 0.999162853 -0.019150028 1.570584536 0.336479872 0.030213417 0.941205859 155.072341919
0.943860888 0.028073275 -0.329148293 -77.295593262 -0.035490207 0.999233007 -0.016545977 1.563193798 0.328431368 0.027298642 0.944133282 155.789550781
0.948487103 0.031973980 -0.315197855 -77.527099609 -0.036417000 0.999302864 -0.008215057 1.454412580 0.314715505 0.019270433 0.948990405 156.490463257
0.952579737 0.032402538 -0.302558929 -77.852050781 -0.033568695 0.999435484 0.001346474 1.398404360 0.302431762 0.008873884 0.953129709 157.458236694
0.955936491 0.029656209 -0.292071491 -78.246017456 -0.029200133 0.999556005 0.005921722 1.385604739 0.292117476 0.002867736 0.956378162 158.750122070
0.957734048 0.022689519 -0.286759138 -78.546539307 -0.024824746 0.999684691 -0.003812070 1.410100460 0.286582172 0.010769671 0.957995176 159.774551392
0.960657597 0.007181077 -0.277642548 -79.023178101 -0.015102539 0.999537170 -0.026403071 1.435508728 0.277324468 0.029557416 0.960321546 161.295196533
0.961677194 0.002424014 -0.274173498 -79.228790283 -0.009181220 0.999684930 -0.023365203 1.397634506 0.274030477 0.024987031 0.961396456 162.308242798
0.964617968 -0.003225048 -0.263631612 -79.617034912 0.000356411 0.999940157 -0.010928336 1.338839293 0.263651103 0.010447707 0.964561462 163.747299194
0.967000961 0.001349406 -0.254769027 -80.024978638 -0.007889851 0.999664962 -0.024651902 1.360733509 0.254650354 0.025848499 0.966687679 165.254669189
0.967845619 0.004887010 -0.251497477 -80.303085327 -0.012205876 0.999545932 -0.027549433 1.359889030 0.251248658 0.029733345 0.967465758 166.480438232
0.970523536 0.012851038 -0.240663514 -80.614509583 -0.017430693 0.999705195 -0.016910132 1.302132845 0.240375221 0.020606611 0.970461309 167.822372437
0.973067999 0.015422501 -0.230001733 -81.099990845 -0.021012783 0.999539793 -0.021875754 1.311265945 0.229558527 0.026119575 0.972944319 169.564605713
0.974108994 0.012493173 -0.225733399 -81.350158691 -0.018207915 0.999563813 -0.023252064 1.311049938 0.225344464 0.026760178 0.973911524 170.795623779
0.976278543 0.008628965 -0.216346517 -81.727691650 -0.013968878 0.999633968 -0.023165185 1.284646511 0.216067448 0.025637789 0.976041853 172.340255737
0.977783144 0.006050444 -0.209532216 -82.131622314 -0.010788335 0.999711096 -0.021476185 1.254437923 0.209341764 0.023259548 0.977565825 174.232559204
0.978261471 0.009275585 -0.207167715 -82.386383057 -0.013770542 0.999699771 -0.020265657 1.264941216 0.206917584 0.022677923 0.978095472 175.415283203
0.979142010 0.012733674 -0.202777922 -82.735519409 -0.016523400 0.999718785 -0.017007079 1.231884956 0.202504367 0.020002926 0.979077101 177.165969849
0.979563892 0.015529300 -0.200532660 -82.977516174 -0.019870268 0.999609411 -0.019652491 1.230667114 0.200149119 0.023235511 0.979489982 178.209411621
0.980229020 0.015151381 -0.197285160 -83.323898315 -0.019560585 0.999600053 -0.020419851 1.202791214 0.196896896 0.023875143 0.980133474 179.966766357
0.980831087 0.015483150 -0.194243744 -83.731750488 -0.018701898 0.999716222 -0.014747687 1.181096554 0.193960294 0.018097715 0.980842412 181.931762695
0.981140137 0.013291983 -0.192840144 -83.900375366 -0.016318632 0.999767184 -0.014115205 1.178419113 0.192607641 0.016995881 0.981128633 182.852554321
0.981671393 0.014569462 -0.190023303 -84.284744263 -0.019058524 0.999580264 -0.021817654 1.149200439 0.189625666 0.025039330 0.981537163 184.753097534
0.982169390 0.013730815 -0.187496036 -84.468986511 -0.018591097 0.999534488 -0.024188150 1.140317917 0.187076628 0.027242618 0.981967568 185.710952759
0.983165681 0.017273666 -0.181898728 -84.825683594 -0.021471517 0.999546051 -0.021133896 1.111620426 0.181451127 0.024683762 0.983090043 187.535583496
0.983770192 0.018229861 -0.178504318 -85.016601562 -0.021296714 0.999656498 -0.015279606 1.107679844 0.178164437 0.018833179 0.983820498 188.528335571
0.985144675 0.020295350 -0.170523673 -85.339851379 -0.022657173 0.999672234 -0.011915579 1.081756353 0.170225978 0.015602154 0.985281467 190.316940308
0.985844076 0.021027714 -0.166341558 -85.511428833 -0.023578305 0.999632478 -0.013373322 1.081101418 0.165999264 0.017106060 0.985977411 191.289016724
0.986469507 0.020768989 -0.162624240 -85.665534973 -0.023359330 0.999628663 -0.014032283 1.075653553 0.162272438 0.017641213 0.986588240 192.238586426
0.987841368 0.020921245 -0.154050916 -85.942321777 -0.023139693 0.999652565 -0.012621623 1.061324358 0.153733328 0.016032852 0.987982273 194.021667480
0.988413692 0.022114187 -0.150164321 -86.092018127 -0.024182029 0.999636054 -0.011958277 1.055681229 0.149845243 0.015450999 0.988588750 194.966537476
0.989572227 0.027895518 -0.141310260 -86.391143799 -0.030096583 0.999456286 -0.013462524 1.053329706 0.140857875 0.017575094 0.989873767 196.645187378
0.989946425 0.030162752 -0.138188899 -86.523422241 -0.032208990 0.999401808 -0.012594822 1.045313120 0.137726337 0.016919127 0.990325809 197.753265381
0.990500152 0.038400404 -0.132041842 -86.780364990 -0.040935647 0.999024868 -0.016538693 1.027059555 0.131278023 0.021786792 0.991106272 199.608016968
0.990816176 0.041315034 -0.128748864 -86.928520203 -0.044464890 0.998775542 -0.021686405 1.040517807 0.127695262 0.027212050 0.991440117 200.838241577
0.991465867 0.044796262 -0.122428261 -87.160049438 -0.047697768 0.998643756 -0.020871054 0.999139309 0.121327274 0.026532494 0.992257833 202.404891968
0.991899967 0.045384489 -0.118637152 -87.302360535 -0.047832679 0.998695493 -0.017869210 0.992953777 0.117671430 0.023399204 0.992776930 203.408508301
0.992300868 0.045182634 -0.115315370 -87.407485962 -0.047192439 0.998776734 -0.014757226 0.977525949 0.114507541 0.020085620 0.993219256 204.299133301
0.993107915 0.044669203 -0.108357444 -87.535583496 -0.046415128 0.998828948 -0.013643106 0.935950518 0.107621133 0.018578503 0.994018376 205.325302124
0.993535101 0.045514308 -0.104002587 -87.639137268 -0.047421467 0.998747766 -0.015937716 0.930040598 0.103146978 0.020766636 0.994449377 206.245925903
0.994874597 0.037894361 -0.093747400 -87.766265869 -0.039395489 0.999122560 -0.014213349 0.842411280 0.093126543 0.017833723 0.995494545 207.501098633
0.995261788 0.038356766 -0.089346886 -87.846687317 -0.039319701 0.999185801 -0.009041887 0.835591316 0.088927329 0.012512138 0.995959520 208.429412842
0.995778084 0.037759766 -0.083667748 -87.927871704 -0.038784783 0.999190748 -0.010659118 0.827269316 0.083197564 0.013859151 0.996436715 209.329101562
0.996573806 0.035920702 -0.074501038 -88.039474487 -0.038726259 0.998580754 -0.036561262 0.899455547 0.073082007 0.039321132 0.996550500 210.395507812
0.997148573 0.039729007 -0.064157367 -88.158180237 -0.042023528 0.998509645 -0.034819037 0.801352501 0.062678419 0.037415870 0.997332156 211.757263184
0.997429252 0.040567596 -0.059070762 -88.216384888 -0.042301346 0.998701096 -0.028401347 0.761065006 0.057841863 0.030827098 0.997849703 212.654602051
0.997712195 0.048082728 -0.047522645 -88.359146118 -0.049179435 0.998543501 -0.022183696 0.677642822 0.046386782 0.024470082 0.998623729 213.653060913
0.997799039 0.052664306 -0.040290698 -88.405929565 -0.053514875 0.998360038 -0.020331303 0.669056416 0.039153889 0.022442710 0.998981118 214.550567627
0.997895658 0.059304293 -0.026215682 -88.452804565 -0.059654880 0.998136997 -0.012799161 0.639413357 0.025407797 0.014336121 0.999574363 216.093750000
0.998249948 0.055838436 -0.019469732 -88.468162537 -0.056133147 0.998311698 -0.014934150 0.631070137 0.018602960 0.016000912 0.999698877 216.990676880
0.998606384 0.052363057 -0.006592980 -88.487510681 -0.052497130 0.998375654 -0.022140525 0.620857239 0.005422924 0.022455780 0.999733150 218.737716675
0.998572588 0.053409539 0.000126356 -88.493377686 -0.053395350 0.998356760 -0.020802964 0.612279415 -0.001237225 0.020766525 0.999783576 219.673675537
0.998490155 0.054575875 0.006229646 -88.484123230 -0.054451626 0.998342693 -0.018622888 0.596875668 -0.007235682 0.018255552 0.999807179 220.539703369
0.998444378 0.052704815 0.018189251 -88.506477356 -0.052322168 0.998411298 -0.020908218 0.596540928 -0.019262318 0.019923994 0.999615908 222.172607422
0.998423457 0.051553234 0.022200095 -88.453308105 -0.051012691 0.998403132 -0.024263415 0.562935829 -0.023415498 0.023092680 0.999459028 223.156204224
0.998544872 0.045712266 0.028614413 -88.399810791 -0.044991951 0.998666167 -0.025330648 0.541131973 -0.029734170 0.024006369 0.999269485 224.885086060
0.998595834 0.043349866 0.030453227 -88.364250183 -0.042657975 0.998824656 -0.023013961 0.531550407 -0.031415090 0.021682570 0.999271214 225.759811401
0.998649120 0.038806364 0.034554064 -88.320823669 -0.038133513 0.999074042 -0.019923283 0.492140293 -0.035295211 0.018578701 0.999204218 227.119827271
0.998762548 0.034537945 0.035783939 -88.256645203 -0.033719063 0.999161184 -0.023240352 0.466628551 -0.036556590 0.022004994 0.999089301 228.842453003
0.998854935 0.031993449 0.035571370 -88.217025757 -0.031119779 0.999206722 -0.024849221 0.446219444 -0.036338173 0.023713795 0.999058127 229.588546753
0.999036789 0.027866771 0.033894088 -88.174873352 -0.026998162 0.999301970 -0.025820304 0.422501564 -0.034589954 0.024880353 0.999091864 231.384414673
0.999279618 0.023631990 0.029693607 -88.128120422 -0.022912947 0.999441445 -0.024326641 0.377676487 -0.030251905 0.023628747 0.999262929 233.073959351
0.999327362 0.024296278 0.027469190 -88.094802856 -0.023675701 0.999462008 -0.022695724 0.362668514 -0.028005833 0.022030106 0.999364913 233.882934570
0.999479055 0.024427051 0.021094551 -88.070968628 -0.024082003 0.999574482 -0.016459271 0.331615686 -0.021487631 0.015942695 0.999641955 235.384750366
0.999440908 0.030511411 0.013674278 -88.071197510 -0.030315384 0.999437809 -0.014320594 0.312381983 -0.014103532 0.013898046 0.999803901 237.035812378
0.999412179 0.032873444 0.009732986 -88.071014404 -0.032722216 0.999347210 -0.015309408 0.299935579 -0.010229906 0.014981922 0.999835432 237.825103760
0.999445975 0.033194792 0.002436673 -88.082641602 -0.033161256 0.999369204 -0.012708448 0.290372610 -0.002856992 0.012620602 0.999916255 239.269790649
0.999383748 0.035079774 -0.001252657 -88.085014343 -0.035090316 0.999336898 -0.009716834 0.287563801 0.000910962 0.009754802 0.999952018 240.023056030
0.999285698 0.036689479 -0.009042838 -88.098281860 -0.036766049 0.999288201 -0.008451408 0.270307541 0.008726322 0.008777841 0.999923468 241.382751465
0.999205232 0.036238525 -0.016602101 -88.134025574 -0.036434915 0.999267697 -0.011683013 0.265574932 0.016166568 0.012278625 0.999793947 242.819976807
0.998917282 0.040258057 -0.023316164 -88.173377991 -0.040600024 0.999071896 -0.014383399 0.247657776 0.022715479 0.015314461 0.999624610 244.116958618
0.998776495 0.041498926 -0.026897548 -88.200813293 -0.041906185 0.999012530 -0.014758168 0.242785215 0.026258541 0.015867284 0.999529302 244.782058716
0.998454750 0.044429477 -0.033378366 -88.252639771 -0.044919480 0.998891413 -0.014076435 0.224350214 0.032715958 0.015554025 0.999343634 245.948715210
0.998275042 0.045925707 -0.036574572 -88.283714294 -0.046514899 0.998798490 -0.015424350 0.227731943 0.035822254 0.017099006 0.999211907 246.586837769
0.997898281 0.048855301 -0.042570319 -88.340499878 -0.049621344 0.998621285 -0.017127160 0.203825474 0.041674875 0.019203562 0.998946667 247.705718994
0.997490585 0.051480606 -0.048603602 -88.414367676 -0.052318536 0.998500168 -0.016127523 0.186172485 0.047700457 0.018629923 0.998687923 248.836303711
0.997341573 0.051113464 -0.051933829 -88.442733765 -0.052047852 0.998503268 -0.016800774 0.181050301 0.050997358 0.019459158 0.998509169 249.387908936
0.997014284 0.051461946 -0.057568837 -88.510955811 -0.052591003 0.998448968 -0.018271288 0.167840958 0.056539282 0.021244342 0.998174310 250.443298340
0.996905923 0.050709259 -0.060058869 -88.544006348 -0.051977284 0.998453081 -0.019741422 0.157840252 0.058964893 0.022802038 0.997999549 250.971038818
0.996609986 0.052265253 -0.063536137 -88.612556458 -0.053749140 0.998314798 -0.021873368 0.141024113 0.062285881 0.025214233 0.997739792 251.881637573
0.996378660 0.053069223 -0.066430651 -88.683647156 -0.054801174 0.998196006 -0.024525398 0.125464916 0.065009274 0.028077060 0.997489631 252.867919922
0.996399999 0.052523881 -0.066544905 -88.721481323 -0.054320220 0.998198450 -0.025477557 0.117156506 0.065086849 0.029000567 0.997458100 253.363296509
0.996397257 0.054580715 -0.064909466 -88.796783447 -0.056315977 0.998094559 -0.025210144 0.104036808 0.063409798 0.028774761 0.997572660 254.359695435
0.996660233 0.053954300 -0.061296422 -88.865661621 -0.055558216 0.998148143 -0.024769563 0.085734367 0.059846487 0.028092358 0.997812212 255.358078003
0.996940017 0.050236590 -0.059891652 -88.880393982 -0.051966045 0.998265207 -0.027676279 0.071647167 0.058397397 0.030703921 0.997821212 255.926467896
0.997583389 0.042246398 -0.055160385 -88.934257507 -0.044368073 0.998299003 -0.037822723 0.050814629 0.053468697 0.040178683 0.997760832 256.916900635
0.997646272 0.043501738 -0.053005613 -88.961761475 -0.045693431 0.998119354 -0.040862776 0.043394089 0.051128328 0.043188594 0.997757852 257.477020264
0.998014569 0.039876670 -0.048752226 -89.017608643 -0.041802812 0.998358548 -0.039149001 0.022443771 0.047111075 0.041109253 0.998043418 258.585571289
0.998439908 0.030665426 -0.046663277 -89.027847290 -0.032303307 0.998873532 -0.034760438 -0.001147270 0.045544762 0.036213584 0.998305738 259.173370361
0.998599410 0.029156979 -0.044149898 -89.053558350 -0.030668465 0.998952687 -0.033954091 -0.017334938 0.043113660 0.035260543 0.998447835 259.751800537
0.998517931 0.036952615 -0.039954275 -89.123771667 -0.038504619 0.998504877 -0.038798973 -0.037008286 0.038460817 0.040279895 0.998447955 260.964508057
0.998941243 0.027568901 -0.036827073 -89.157135010 -0.028909711 0.998919487 -0.036386028 -0.063664436 0.035784159 0.037412174 0.998659015 262.224853516
0.998998106 0.030363668 -0.032875020 -89.207542419 -0.031581394 0.998809516 -0.037178077 -0.105020523 0.031707015 0.038179062 0.998767793 263.524444580
0.998993814 0.032230429 -0.031185061 -89.234992981 -0.033453826 0.998657823 -0.039537895 -0.112479210 0.029868890 0.040541366 0.998731375 264.198974609
0.999103546 0.031391278 -0.028403018 -89.261589050 -0.032651305 0.998451412 -0.045043588 -0.145750999 0.026945051 0.045930609 0.998581290 265.497863770
0.999066770 0.033667859 -0.027055390 -89.278961182 -0.034810714 0.998470724 -0.042943779 -0.173206329 0.025568193 0.043845523 0.998711050 266.224151611
0.998898208 0.040918048 -0.022981636 -89.345870972 -0.041890308 0.998172641 -0.043551177 -0.216685295 0.021157611 0.044465899 0.998786867 267.538482666
